pi: 3.141592 // Comment 1
time: 45.345454143 // Comment 2
slices: 1000 // Test comment
